#! FIELDS time d1 uwall.bias metad.bias
 0.005000 0.149562 0.000000 0.000000
 0.010000 0.149519 0.000000 0.000000
 0.015000 0.148170 0.000000 0.000000
 0.020000 0.146292 0.000000 0.000000
 0.025000 0.144714 0.000000 0.000000
 0.030000 0.144621 0.000000 0.000000
 0.035000 0.147751 0.000000 0.000000
 0.040000 0.150292 0.000000 0.000000
 0.045000 0.150469 0.000000 0.000000
 0.050000 0.150031 0.000000 0.000000
 0.055000 0.149165 0.000000 0.000000
 0.060000 0.148350 0.000000 0.000000
 0.065000 0.150060 0.000000 0.000000
 0.070000 0.152029 0.000000 0.000000
 0.075000 0.152337 0.000000 0.000000
 0.080000 0.151707 0.000000 0.000000
 0.085000 0.149565 0.000000 0.000000
 0.090000 0.147120 0.000000 0.000000
 0.095000 0.145238 0.000000 0.000000
 0.100000 0.144979 0.000000 0.000000
 0.105000 0.146439 0.000000 0.000000
 0.110000 0.148740 0.000000 0.000000
 0.115000 0.150575 0.000000 0.000000
 0.120000 0.150992 0.000000 0.000000
 0.125000 0.150521 0.000000 0.000000
 0.130000 0.148640 0.000000 0.000000
 0.135000 0.146320 0.000000 0.000000
 0.140000 0.145304 0.000000 0.000000
 0.145000 0.147093 0.000000 0.000000
 0.150000 0.149904 0.000000 0.000000
 0.155000 0.150505 0.000000 0.000000
 0.160000 0.148696 0.000000 0.000000
 0.165000 0.146287 0.000000 0.000000
 0.170000 0.146094 0.000000 0.000000
 0.175000 0.147910 0.000000 0.000000
 0.180000 0.149696 0.000000 0.000000
 0.185000 0.149654 0.000000 0.000000
 0.190000 0.149421 0.000000 0.000000
 0.195000 0.151616 0.000000 0.000000
 0.200000 0.153965 0.000000 0.000000
 0.205000 0.154508 0.000000 0.000000
 0.210000 0.150719 0.000000 0.000000
 0.215000 0.144920 0.000000 0.000000
 0.220000 0.142782 0.000000 0.000000
 0.225000 0.147403 0.000000 0.000000
 0.230000 0.153638 0.000000 0.000000
 0.235000 0.157107 0.000000 0.000000
 0.240000 0.155899 0.000000 0.000000
 0.245000 0.149532 0.000000 0.000000
 0.250000 0.143080 0.000000 0.000000
 0.255000 0.142143 0.000000 1.199996
 0.260000 0.147070 0.000000 1.199922
 0.265000 0.152868 0.000000 1.199531
 0.270000 0.154668 0.000000 1.199343
 0.275000 0.151482 0.000000 1.199654
 0.280000 0.146360 0.000000 1.199947
 0.285000 0.144840 0.000000 1.199985
 0.290000 0.147400 0.000000 1.199909
 0.295000 0.150589 0.000000 1.199724
 0.300000 0.151116 0.000000 1.199684
 0.305000 0.149716 0.000000 1.199784
 0.310000 0.148516 0.000000 1.199855
 0.315000 0.149242 0.000000 1.199814
 0.320000 0.151768 0.000000 1.199630
 0.325000 0.152320 0.000000 1.199582
 0.330000 0.151139 0.000000 1.199682
 0.335000 0.149198 0.000000 1.199817
 0.340000 0.147538 0.000000 1.199903
 0.345000 0.147643 0.000000 1.199898
 0.350000 0.148472 0.000000 1.199858
 0.355000 0.147988 0.000000 1.199882
 0.360000 0.147357 0.000000 1.199910
 0.365000 0.148254 0.000000 1.199869
 0.370000 0.148913 0.000000 1.199833
 0.375000 0.149944 0.000000 1.199769
 0.380000 0.150440 0.000000 1.199735
 0.385000 0.148438 0.000000 1.199859
 0.390000 0.146010 0.000000 1.199958
 0.395000 0.146239 0.000000 1.199951
 0.400000 0.147622 0.000000 1.199899
 0.405000 0.148506 0.000000 1.199856
 0.410000 0.149194 0.000000 1.199817
 0.415000 0.148216 0.000000 1.199871
 0.420000 0.147163 0.000000 1.199918
 0.425000 0.147754 0.000000 1.199893
 0.430000 0.149765 0.000000 1.199781
 0.435000 0.151606 0.000000 1.199644
 0.440000 0.150442 0.000000 1.199735
 0.445000 0.146217 0.000000 1.199952
 0.450000 0.143200 0.000000 1.200000
 0.455000 0.146098 0.000000 1.199955
 0.460000 0.150911 0.000000 1.199700
 0.465000 0.151644 0.000000 1.199641
 0.470000 0.147266 0.000000 1.199914
 0.475000 0.141708 0.000000 1.199991
 0.480000 0.140820 0.000000 1.199975
 0.485000 0.145235 0.000000 1.199977
 0.490000 0.150881 0.000000 1.199702
 0.495000 0.152349 0.000000 1.199579
 0.500000 0.149566 0.000000 1.199794
 0.505000 0.146044 0.000000 2.399896
 0.510000 0.145819 0.000000 2.399895
 0.515000 0.150053 0.000000 2.399761
 0.520000 0.154692 0.000000 2.399211
 0.525000 0.156012 0.000000 2.398978
 0.530000 0.151762 0.000000 2.399607
 0.535000 0.144315 0.000000 2.399857
 0.540000 0.140205 0.000000 2.399530
 0.545000 0.142271 0.000000 2.399736
 0.550000 0.146658 0.000000 2.399896
 0.555000 0.148943 0.000000 2.399830
 0.560000 0.148643 0.000000 2.399844
 0.565000 0.148903 0.000000 2.399832
 0.570000 0.151673 0.000000 2.399617
 0.575000 0.153274 0.000000 2.399424
 0.580000 0.152116 0.000000 2.399568
 0.585000 0.148530 0.000000 2.399849
 0.590000 0.144077 0.000000 2.399848
 0.595000 0.143681 0.000000 2.399829
 0.600000 0.147848 0.000000 2.399874
 0.605000 0.153152 0.000000 2.399440
 0.610000 0.154180 0.000000 2.399292
 0.615000 0.150868 0.000000 2.399695
 0.620000 0.146703 0.000000 2.399896
 0.625000 0.144131 0.000000 2.399850
 0.630000 0.144074 0.000000 2.399847
 0.635000 0.146501 0.000000 2.399897
 0.640000 0.150708 0.000000 2.399709
 0.645000 0.154118 0.000000 2.399302
 0.650000 0.155684 0.000000 2.399039
 0.655000 0.153943 0.000000 2.399328
 0.660000 0.148892 0.000000 2.399832
 0.665000 0.143112 0.000000 2.399796
 0.670000 0.141524 0.000000 2.399671
 0.675000 0.146510 0.000000 2.399897
 0.680000 0.151932 0.000000 2.399589
 0.685000 0.153936 0.000000 2.399329
 0.690000 0.150705 0.000000 2.399709
 0.695000 0.145920 0.000000 2.399895
 0.700000 0.145238 0.000000 2.399885
 0.705000 0.149041 0.000000 2.399825
 0.710000 0.152192 0.000000 2.399560
 0.715000 0.150832 0.000000 2.399698
 0.720000 0.146151 0.000000 2.399897
 0.725000 0.143472 0.000000 2.399817
 0.730000 0.146797 0.000000 2.399895
 0.735000 0.151855 0.000000 2.399597
 0.740000 0.153872 0.000000 2.399339
 0.745000 0.149828 0.000000 2.399777
 0.750000 0.142699 0.000000 2.399768
 0.755000 0.140227 0.000000 3.599503
 0.760000 0.145827 0.000000 3.599847
 0.765000 0.154317 0.000000 3.598610
 0.770000 0.157674 0.000000 3.597538
 0.775000 0.153770 0.000000 3.598754
 0.780000 0.145129 0.000000 3.599854
 0.785000 0.139360 0.000000 3.599368
 0.790000 0.142429 0.000000 3.599748
 0.795000 0.150711 0.000000 3.599394
 0.800000 0.155475 0.000000 3.598278
 0.805000 0.153552 0.000000 3.598808
 0.810000 0.148224 0.000000 3.599712
 0.815000 0.143804 0.000000 3.599829
 0.820000 0.144839 0.000000 3.599853
 0.825000 0.149085 0.000000 3.599623
 0.830000 0.151092 0.000000 3.599329
 0.835000 0.150300 0.000000 3.599459
 0.840000 0.149051 0.000000 3.599626
 0.845000 0.149251 0.000000 3.599603
 0.850000 0.150485 0.000000 3.599430
 0.855000 0.151510 0.000000 3.599253
 0.860000 0.149563 0.000000 3.599563
 0.865000 0.145424 0.000000 3.599853
 0.870000 0.144281 0.000000 3.599844
 0.875000 0.147815 0.000000 3.599747
 0.880000 0.152330 0.000000 3.599089
 0.885000 0.152700 0.000000 3.599009
 0.890000 0.149532 0.000000 3.599567
 0.895000 0.146090 0.000000 3.599840
 0.900000 0.145864 0.000000 3.599846
 0.905000 0.148171 0.000000 3.599717
 0.910000 0.150669 0.000000 3.599401
 0.915000 0.150422 0.000000 3.599440
 0.920000 0.147298 0.000000 3.599784
 0.925000 0.145895 0.000000 3.599845
 0.930000 0.147894 0.000000 3.599741
 0.935000 0.150848 0.000000 3.599371
 0.940000 0.150565 0.000000 3.599418
 0.945000 0.145814 0.000000 3.599847
 0.950000 0.139406 0.000000 3.599375
 0.955000 0.139070 0.000000 3.599317
 0.960000 0.146029 0.000000 3.599842
 0.965000 0.151718 0.000000 3.599214
 0.970000 0.154011 0.000000 3.598692
 0.975000 0.152750 0.000000 3.598998
 0.980000 0.149881 0.000000 3.599520
 0.985000 0.148311 0.000000 3.599704
 0.990000 0.148160 0.000000 3.599718
 0.995000 0.147265 0.000000 3.599786
 1.000000 0.144669 0.000000 3.599851
